73
1
42
175
124
3
37
12
67
84
96
169
157
43
105
9
166
54
89
94
102
146
33
61
44
142
71
161
75
113
10
176
34
99
101
125
104
147
244
106
129
85
86
158
48
49
153
114
50
112
39
214
160
193
152
55
66
98
62
70
107
174
159
148
80
56
78
23
170
118
172
51
173
2
26
171
57
162
197
119
87
82
59
28
168
132
35
72
154
232
164
18
16
52
90
227
20
145
167
6
109
7
134
126
144
60
149
77
31
211
127
36
74
100
224
111
226
151
123
110
76
15
103
120
81
19
24
63
122
130
38
93
30
83
69
27
231
141
21
92
143
13
5
121
116
97
14
40
234
220
29
41
150
25
229
65
128
117
47
79
115
4
137
202
88
135
198
22
155
108
45
8
32
68
204
221
